[121, 42]
[115, 39]
[111, 48]
[122, 40]
[106, 41]
[151, 17]
[130, 31]
[130, 30]
[144, 19]
[99, 41]
[140, 25]
[132, 36]
[117, 36]
[100, 49]
[130, 22]
[131, 26]
[122, 51]
[128, 39]
[157, 14]
[73, 91]
[129, 50]
[129, 24]
[140, 24]
[151, 20]
[123, 43]
[119, 37]
[104, 76]
[92, 78]
[127, 44]
[132, 46]
[134, 25]
[128, 36]
[88, 83]
[120, 38]
[117, 61]
[141, 17]
[109, 51]
[130, 42]
[149, 21]
[121, 45]
[132, 40]
[137, 30]
[99, 74]
[124, 41]
[101, 54]
[119, 54]
[124, 51]
[113, 56]
[139, 29]
[103, 54]
[108, 70]
[146, 29]
[120, 56]
[98, 70]
[154, 14]
[108, 57]
[124, 47]
[122, 57]
[127, 33]
[128, 48]
[101, 60]
[130, 49]
[115, 52]
[147, 23]
[147, 20]
[101, 72]
[123, 43]
[99, 78]
[117, 56]
[115, 56]
[138, 29]
[83, 70]
[109, 55]
[118, 37]
[122, 43]
[129, 50]
[101, 72]
[118, 57]
[98, 76]
[104, 49]
[127, 50]
[134, 37]
[106, 64]
[145, 23]
[104, 65]
[111, 62]
[127, 49]
[123, 47]
[152, 22]
[120, 60]
[98, 77]
[116, 55]
[155, 21]
[139, 28]
[127, 35]
[133, 49]
[127, 34]
[119, 38]
[90, 69]
[149, 17]
[75, 80]
[122, 49]
[125, 47]
[103, 68]
[97, 67]
[116, 36]
[130, 39]
[107, 63]
[114, 27]
[97, 74]
[128, 35]
[115, 67]
[151, 16]
[136, 42]
[140, 23]
[154, 21]
[114, 43]
[73, 97]
[114, 56]
[93, 67]
[99, 72]
[144, 22]
[98, 49]
[136, 34]
[133, 24]
[112, 65]
[140, 32]
[149, 30]
[102, 65]
[142, 38]
[131, 34]
[118, 56]
[112, 56]
[112, 55]
[61, 93]
[88, 77]
[107, 53]
[103, 72]
[112, 53]
[153, 22]
[72, 97]
[141, 43]
[135, 26]
[102, 60]
[104, 68]
[130, 41]
[136, 45]
[108, 53]
[45, 128]
[83, 77]
[128, 40]
[120, 41]
[98, 74]
[140, 41]
[142, 32]
[173, 14]
[125, 54]
[116, 49]
[133, 43]
[93, 80]
[120, 53]
[104, 72]
[114, 56]
[116, 48]
[141, 38]
[131, 46]
[122, 37]
[113, 53]
[100, 68]
[109, 59]
[129, 45]
[148, 23]
[106, 62]
[122, 58]
[115, 58]
[147, 27]
[107, 60]
[105, 68]
[103, 75]
[127, 44]
[128, 46]
[103, 59]
[91, 69]
[77, 81]
[127, 46]
[119, 64]
[135, 46]
[134, 41]
[104, 56]
[108, 72]
[116, 57]
[103, 73]
[119, 54]
[75, 85]
[161, 14]
[124, 47]
[83, 82]
[150, 29]
[127, 54]
[102, 80]
[111, 65]
[126, 35]
[120, 51]
[131, 45]
[158, 21]
[136, 31]
[96, 71]
[92, 73]
[109, 61]
[133, 41]
[138, 40]
[101, 66]
[146, 29]
[125, 48]
[73, 90]
[92, 79]
[115, 43]
[114, 53]
[108, 69]
[125, 46]
[152, 24]
[119, 52]
[104, 74]
[142, 37]
[130, 35]
[99, 71]
[138, 34]
[109, 76]
[142, 26]
[126, 48]
[127, 37]
[121, 46]
[141, 20]
[136, 21]
[145, 30]
[138, 37]
[96, 79]
[105, 64]
[104, 69]
[109, 60]
[128, 41]
[61, 98]
[124, 45]
[98, 76]
[108, 63]
[111, 50]
[107, 61]
[140, 30]
[135, 38]
[101, 57]
[146, 28]
[144, 23]
[144, 32]
[138, 20]
[155, 22]
[126, 37]
[69, 72]
[140, 37]
------------------
[97, 48]
[106, 63]
[105, 62]
[109, 60]
[127, 47]
[137, 34]
[104, 78]
[92, 75]
[118, 66]
[128, 41]
[150, 29]
[127, 41]
[133, 31]
[135, 39]
[113, 48]
[159, 24]
[109, 62]
[150, 21]
[112, 60]
[139, 44]
[87, 85]
[96, 77]
[128, 48]
[125, 50]
[97, 70]
[125, 49]
[120, 40]
[126, 58]
[115, 52]
[133, 42]
[146, 35]
[128, 43]
[133, 50]
[119, 53]
[137, 29]
[142, 27]
---------------
[121, 36]
[127, 42]
[126, 49]
[122, 47]
[71, 78]
[126, 45]
[148, 31]
[125, 49]
[134, 21]
[107, 62]
[112, 52]
[120, 55]
[142, 32]
[119, 51]
[100, 70]
[164, 10]
[61, 93]
[147, 21]
[101, 51]
[84, 59]
[107, 58]
[115, 40]
[128, 48]
[103, 44]
[104, 60]
[142, 30]
[98, 75]
[120, 46]
[122, 53]
[128, 43]
[138, 27]
[126, 47]
[95, 69]
[94, 74]
[139, 24]
[107, 60]
[140, 34]
[97, 72]
[143, 30]
[112, 64]
[121, 44]
[115, 44]
[120, 47]
[91, 84]
[138, 31]
[146, 24]
[72, 108]
[122, 49]
[133, 31]
[118, 61]
[114, 50]
[103, 68]
[124, 42]
[108, 56]
[39, 133]
[131, 30]
[105, 63]
[118, 46]
[122, 50]
[126, 38]
[118, 54]
[108, 69]
[125, 48]
[97, 73]
[144, 26]
[117, 49]
[115, 41]
[133, 36]
[67, 96]
[68, 98]
[134, 33]
[124, 48]
[124, 43]
[111, 61]
[109, 47]
[91, 73]
[113, 51]
[88, 71]
[95, 73]
[130, 40]
[135, 29]
[127, 48]
[99, 64]
[138, 37]
[110, 66]
[93, 60]
[119, 43]
[129, 55]
[150, 20]
[96, 66]
[140, 29]
[76, 93]
[89, 88]
[123, 43]
[103, 57]
[138, 35]
[95, 66]
[123, 33]
[86, 80]
[123, 49]
[115, 52]
[127, 45]
[129, 35]
[106, 53]
[108, 62]
[95, 69]
[56, 111]
[150, 21]
[85, 81]
[81, 74]
[120, 44]
[119, 54]
[103, 59]
[113, 61]
[107, 66]
[119, 34]
[142, 26]
[110, 65]
[143, 24]
[129, 48]
[86, 69]
[122, 53]
[140, 25]
[123, 31]
[107, 50]
[108, 58]
[146, 28]
[126, 42]
[84, 80]
[143, 31]
[121, 37]
[127, 51]
[99, 77]
[109, 54]
[123, 40]
[107, 59]
[99, 57]
[66, 105]
[120, 44]
[131, 39]
[77, 86]
[131, 44]
[110, 60]
[129, 50]
[128, 46]
