[98, 71]
[154, 20]
[107, 71]
[143, 27]
[132, 35]
[98, 75]
[95, 69]
[121, 41]
[104, 55]
[128, 46]
[105, 60]
[153, 21]
[121, 47]
[83, 77]
[140, 34]
[116, 49]
[138, 41]
[106, 68]
[115, 65]
[101, 70]
[123, 48]
[116, 59]
[99, 69]
[150, 35]
[147, 29]
[132, 20]
[85, 83]
[152, 18]
[107, 64]
[133, 40]
[110, 68]
[105, 64]
[108, 62]
[136, 19]
[103, 62]
[105, 65]
[98, 69]
[105, 65]
[113, 47]
[114, 50]
[110, 60]
[120, 53]
[113, 65]
[134, 49]
[142, 40]
[109, 67]
[118, 44]
[126, 50]
[81, 87]
[150, 27]
[160, 20]
[113, 62]
[128, 58]
[127, 49]
[107, 67]
[127, 48]
[95, 79]
[108, 60]
[89, 70]
[117, 56]
[110, 60]
[99, 80]
[128, 48]
[81, 96]
[157, 14]
[137, 38]
[120, 51]
[136, 28]
[128, 56]
[94, 71]
[113, 68]
[92, 76]
[91, 82]
[142, 37]
[62, 82]
[114, 47]
[88, 64]
[142, 26]
[128, 57]
