[127, 47]
[151, 19]
[132, 42]
[162, 12]
[83, 73]
[94, 52]
[151, 24]
[140, 30]
[148, 22]
[153, 23]
[111, 53]
[132, 45]
[128, 30]
[56, 94]
[167, 14]
[150, 27]
[140, 30]
[112, 60]
[112, 62]
[114, 50]
[120, 39]
[133, 39]
[153, 15]
[93, 80]
[111, 57]
[100, 57]
[108, 49]
[141, 18]
[104, 53]
[86, 88]
[120, 43]
[112, 63]
[117, 63]
[136, 31]
[63, 87]
[141, 41]
[108, 54]
[143, 30]
[107, 68]
[145, 26]
[117, 61]
[101, 70]
[115, 59]
[139, 28]
[96, 81]
[130, 40]
[115, 55]
[141, 40]
[125, 50]
[151, 21]
[61, 105]
[102, 60]
[139, 29]
[138, 43]
[148, 27]
[128, 41]
[134, 25]
[110, 60]
[108, 59]
[100, 61]
[65, 97]
[132, 43]
[112, 57]
[112, 53]
[130, 38]
[127, 51]
[125, 23]
[145, 20]
[125, 51]
[111, 20]
[125, 43]
[113, 51]
[111, 54]
[102, 49]
[144, 26]
[134, 41]
[119, 39]
[158, 14]
[77, 79]
[116, 47]
[130, 37]
[109, 52]
[151, 23]
[102, 55]
[100, 67]
[138, 25]
[88, 78]
[142, 33]
[152, 20]
[126, 37]
[118, 53]
[103, 73]
[139, 41]
[135, 35]
[89, 75]
[134, 41]
[127, 32]
[113, 51]
[137, 37]
[112, 43]
[143, 34]
[140, 30]
[102, 66]
[83, 71]
[122, 35]
[108, 38]
[122, 33]
[131, 28]
[133, 32]
[122, 50]
[111, 57]
[120, 40]
[129, 47]
[119, 48]
[107, 34]
[114, 64]
[139, 31]
[134, 31]
[101, 64]
[150, 21]
[80, 91]
[100, 68]
[151, 27]
[127, 43]
[70, 89]
[93, 50]
[140, 25]
[82, 84]
[134, 34]
[133, 35]
[151, 21]
[145, 29]
[103, 61]
[121, 50]
[114, 54]
[118, 41]
[157, 15]
[134, 35]
[134, 39]
[100, 68]
[128, 50]
[137, 36]
[130, 43]
[143, 39]
[128, 51]
[144, 33]
[133, 42]
[126, 42]
[42, 117]
[120, 48]
[125, 42]
[134, 48]
[126, 48]
[139, 33]
[131, 24]
[125, 46]
[123, 56]
[123, 46]
[110, 53]
[118, 60]
[121, 47]
[106, 62]
[135, 37]
[108, 58]
[134, 39]
[122, 44]
[148, 28]
[109, 63]
[137, 30]
[99, 67]
[130, 23]
[99, 65]
[151, 28]
[63, 103]
[131, 31]
[85, 80]
[98, 66]
[135, 48]
[98, 71]
[147, 25]
[103, 57]
[139, 31]
[130, 44]
[119, 47]
[109, 52]
[137, 30]
[145, 34]
[121, 48]
[81, 85]
[115, 53]
[107, 42]
[130, 36]
[129, 37]
[150, 23]
[76, 63]
[146, 30]
[50, 105]
[117, 47]
[135, 32]
[127, 45]
[138, 31]
[118, 49]
[129, 49]
[111, 55]
[140, 32]
[141, 26]
[138, 37]
[131, 51]
[148, 22]
[146, 32]
[112, 62]
[81, 95]
[140, 36]
[148, 26]
[136, 37]
[121, 44]
[114, 64]
[84, 81]
[127, 36]
[147, 31]
[128, 21]
[141, 22]
[137, 35]
[124, 38]
[120, 49]
[159, 18]
[117, 36]
[129, 37]
[122, 39]
[113, 50]
[123, 41]
[146, 25]
[129, 34]
[105, 50]
[139, 38]
[150, 35]
[87, 73]
[115, 58]
[120, 51]
[117, 58]
[134, 42]
[144, 29]
[133, 28]
[128, 53]
[126, 37]
[137, 40]
[133, 43]
[116, 64]
[137, 28]
[112, 50]
[136, 32]
[87, 51]
[139, 26]
[142, 17]
[129, 26]
[120, 43]
-----------------
[152, 13]
[139, 39]
[96, 60]
