[140, 41][138, 32]
[115, 60]
[129, 38]
[90, 53]
[108, 71]
[130, 51]
[130, 31]
[141, 31]
[116, 55]
[115, 23]
[136, 32]
[99, 61]
[99, 62]
[156, 22]
[104, 55]
[145, 26]
[99, 61]
[151, 19]
[95, 69]
[151, 23]
[91, 70]
[136, 27]
[86, 82]
[144, 21]
[131, 45]
[110, 41]
[153, 22]
[114, 50]
[72, 91]
[122, 47]
[148, 24]
[129, 31]
[117, 49]
[144, 25]
[141, 38]
[113, 62]
[117, 52]
[146, 24]
[107, 71]
[125, 51]
[125, 36]
[111, 54]
[148, 19]
[106, 57]
[134, 28]
[147, 29]
[119, 54]
[113, 64]
[125, 43]
[145, 35]
[111, 36]
[126, 40]
[125, 48]
[100, 70]
[129, 33]
[111, 53]
[114, 58]
[33, 146]
[118, 52]
[142, 21]
[130, 37]
[149, 30]
[149, 16]
[114, 59]
---------[135, 37]
[135, 25]
[118, 43]
[108, 63]
[139, 29]
[109, 48]
[146, 28]
[149, 30]
[123, 32]
[145, 27]
[117, 53]
[126, 43]
[129, 43]
[108, 59]
[123, 51]
[138, 38]
[88, 66]
[62, 88]
[141, 39]
[95, 76]
[109, 61]
[136, 36]
[124, 56]
[74, 94]
[117, 32]
[98, 66]
[100, 60]
[61, 106]
[70, 100]
[128, 40]
[140, 41]
[151, 21]
[136, 34]
[116, 39]
[138, 30]
[74, 62]
[114, 58]
[104, 66]
[161, 21]
[134, 43]
[140, 39]
[122, 50]
[93, 55]
[110, 60]
[127, 34]
[118, 52]
[136, 44]
[151, 17]
[123, 54]
[104, 23]
[145, 33]
[141, 33]
[103, 43]
[143, 28]
[162, 11]
[158, 20]
[130, 43]
[126, 29]
[144, 28]
[140, 26]
[106, 69]
[125, 33]
[75, 92]
[122, 44]
[136, 35]
[116, 59]
[115, 55]
[115, 64]
[118, 45]
[121, 34]
[149, 19]
[137, 37]
[121, 47]
[101, 62]
[119, 47]
[131, 39]
[142, 33]
[134, 33]
[113, 65]
[105, 56]
[134, 40]
[156, 18]
[151, 26]
[125, 41]
-------[106, 57]
[90, 66]
[119, 52]
[114, 44]
[128, 41]
[150, 15]
[150, 23]
[127, 49]
[133, 27]
[133, 38]
[137, 44]
[122, 50]
[147, 27]
[140, 32]
[148, 23]
[145, 37]
[136, 36]
[131, 39]
[127, 43]
[103, 66]
[135, 33]
[109, 64]
[117, 44]
[130, 45]
[118, 60]
[120, 40]
[91, 72]
[164, 14]
[116, 50]
[144, 28]
[139, 30]
[140, 39]
[130, 35]
[121, 47]
[103, 46]
epsilon = 0.1
------[97, 60]
[163, 15]
[114, 55]
[124, 44]
[133, 38]
[137, 36]
[95, 80]
[127, 31]
[114, 52]
[78, 85]
[123, 47]
[117, 48]
[132, 35]
[101, 76]
[146, 31]
[100, 68]
[115, 49]
[152, 25]
[123, 39]
[159, 16]
[137, 26]
[128, 42]
[103, 36]
[111, 45]
[127, 34]
[122, 35]
[145, 28]
[130, 40]
[159, 18]
[146, 24]
[86, 84]
[135, 34]
[103, 67]
[118, 54]
[70, 95]
[126, 38]
[124, 44]
[144, 24]
[130, 35]
[113, 57]
[133, 16]
[107, 63]
[85, 79]
[151, 29]
[116, 63]
[128, 37]
[131, 33]
[118, 52]
[155, 24]
[116, 51]
[109, 56]
[146, 19]
[123, 34]
[107, 62]
[142, 26]
[155, 29]
[137, 34]
[136, 33]
[99, 70]
[123, 43]
[130, 42]
[155, 21]
[147, 28]
[121, 39]
[158, 21]
[68, 73]
[144, 28]
[140, 40]
[106, 50]
[160, 16]
[154, 22]
[124, 37]
[142, 30]
[105, 67]
[116, 49]
[154, 22]
[69, 89]
[103, 66]
[130, 47]
[134, 32]
[140, 25]
[127, 41]
[139, 30]
[152, 18]
[117, 58]
[151, 20]
[135, 37]
[142, 35]
[128, 49]
[97, 69]
[116, 48]
[158, 16]
[86, 84]
[117, 61]
[127, 34]
[150, 22]
[98, 61]
[145, 24]
[150, 25]
[83, 80]
[134, 35]
[125, 43]
[152, 22]
[140, 30]
[133, 39]
[140, 25]
[118, 54]
[149, 23]
[122, 60]
[76, 86]
[142, 16]
[146, 26]
[149, 23]
[153, 23]
[125, 46]
[121, 50]
[132, 38]
[131, 20]
[135, 26]
[142, 21]
[138, 34]
[134, 35]
[128, 45]
[141, 31]
[132, 36]
[141, 35]
[147, 26]
[151, 25]
[165, 15]
[141, 31]
[114, 52]
[88, 86]
[114, 48]
[149, 12]
[122, 21]
[117, 47]
[160, 15]
[134, 34]
[131, 39]
[148, 24]
[124, 38]
[115, 44]
[104, 71]
[151, 23]
[147, 34]
[143, 29]
[86, 73]
[121, 57]
[137, 27]
[145, 21]
[126, 39]
[135, 41]
[147, 20]
[141, 33]
[157, 19]
[127, 40]
[159, 15]
[148, 21]
[130, 33]
[163, 13]
[122, 29]
[111, 41]
[121, 30]
[114, 43]
[122, 30]
[128, 47]
[144, 25]
[134, 38]
[153, 24]
[142, 27]
[156, 21]
[131, 36]
[152, 30]
[142, 36]
[104, 48]
[147, 29]
[144, 32]
[146, 18]
[130, 43]
[145, 30]
[146, 28]
[126, 33]
[150, 23]
[129, 46]
[156, 22]
[148, 30]
[139, 38]
[139, 38]
[141, 27]
[118, 61]
[155, 22]
[144, 34]
[126, 53]
[143, 36]
[121, 58]
[131, 37]
[137, 22]
[111, 32]
[140, 37]
[135, 30]
[97, 72]
[150, 24]
[116, 58]
[131, 37]
[125, 44]
[130, 34]
[139, 31]
[164, 15]
[149, 25]
[96, 59]
[142, 32]
[155, 23]
[151, 28]
[122, 46]
[138, 28]
[146, 24]
[162, 18]
[133, 26]
[113, 55]
[140, 31]
[132, 39]
[109, 66]
