[159, 24]
[81, 91]
[72, 78]
[121, 48]
[94, 83]
[111, 52]
[88, 82]
[85, 86]
[91, 68]
[125, 48]
[101, 66]
[115, 47]
[113, 55]
[99, 83]
[65, 90]
[111, 58]
[123, 58]
[85, 77]
[126, 33]
[118, 47]
[121, 47]
[112, 59]
[125, 27]
[121, 45]
[127, 47]
[132, 44]
[101, 57]
[104, 58]
[110, 64]
[136, 30]
[102, 78]
[101, 63]
[142, 35]
[136, 38]
[134, 32]
[87, 89]
[98, 66]
[104, 59]
[122, 49]
[152, 28]
[97, 71]
[98, 67]
[106, 60]
[154, 26]
[125, 44]
[120, 54]
[87, 78]
[153, 25]
[87, 81]
[104, 72]
[143, 36]
[88, 81]
[109, 64]
[105, 55]
[130, 43]
[126, 38]
[132, 29]
[83, 70]
[125, 50]
[125, 32]
[140, 41]
[129, 41]
[88, 80]
[142, 30]
[123, 59]
[99, 58]
[141, 39]
[106, 71]
[75, 84]
[125, 49]
[111, 60]
[123, 41]
[126, 47]
[131, 48]
[102, 46]
[113, 49]
[135, 36]
[125, 53]
[134, 39]
[137, 35]
[141, 18]
[66, 90]
[130, 38]
[112, 55]
[141, 28]
[135, 23]
[103, 55]
[136, 30]
[145, 35]
[109, 55]
[115, 37]
[100, 61]
[154, 21]
[70, 88]
[112, 47]
[146, 28]
[102, 80]
[120, 37]
[121, 55]
[105, 42]
[96, 76]
[116, 60]
[137, 34]
[146, 26]
[115, 57]
[84, 92]
[110, 60]
[133, 48]
[147, 28]
[125, 30]
[110, 72]
[136, 41]
[134, 52]
[114, 56]
[109, 52]
[70, 93]
[90, 75]
[71, 98]
[109, 66]
[79, 81]
---------------
[78, 101]
[99, 66]
[135, 41]
[93, 68]
[109, 59]
[120, 58]
[109, 57]
[81, 91]
[100, 71]
[111, 68]
[111, 65]
[121, 55]
[99, 68]
[97, 81]
[127, 45]
[118, 55]
[102, 73]
[110, 66]
[88, 80]
[139, 29]
[105, 77]
[136, 39]
[100, 74]
[127, 49]
[121, 40]
[123, 36]
[132, 37]
[112, 49]
[118, 49]
[120, 50]
[102, 63]
[84, 91]
[128, 47]
[125, 46]
[138, 36]
[107, 64]
[132, 44]
[98, 73]
[89, 92]
[120, 48]
[151, 20]
[65, 107]
[157, 20]
[100, 52]
[143, 29]
[140, 34]
[122, 58]
[101, 82]
[99, 83]
[146, 24]
[113, 65]
[92, 75]
[141, 32]
[120, 51]
[88, 82]
[70, 89]
[100, 76]
[122, 49]
[130, 40]
[90, 72]
[107, 59]
[143, 20]
[91, 79]
[96, 78]
[118, 34]
[87, 78]
[94, 83]
[100, 49]
[80, 89]
[129, 48]
[100, 71]
[106, 66]
[128, 53]
[113, 61]
[91, 70]
[84, 75]
[120, 50]
[114, 59]
[124, 49]
[74, 96]
[100, 65]
[116, 49]
[103, 60]
[87, 91]
[121, 34]
[126, 48]
[124, 51]
[109, 56]
[89, 98]
[120, 51]
[114, 55]
[120, 43]
[138, 33]
[93, 77]
[94, 79]
[151, 29]
[86, 79]
[87, 88]
[93, 84]
[68, 89]
[97, 71]
[110, 64]
[119, 50]
[121, 52]
[59, 104]
[116, 61]
[111, 67]
[140, 36]
[84, 80]
[85, 72]
[98, 79]
[119, 44]
[102, 78]
[155, 19]
[88, 88]
[136, 45]
[85, 75]
[117, 58]
[124, 47]
[110, 52]
[122, 29]
[101, 60]
[124, 48]
[92, 70]
[112, 58]
[136, 26]
[104, 56]
[116, 53]
[117, 58]
[120, 57]
[137, 33]
[124, 48]
[113, 65]
[102, 71]
[131, 45]
[97, 78]
[149, 27]
[91, 81]
[119, 48]
[114, 54]
[110, 65]
[104, 62]
[105, 69]
[137, 37]
[82, 94]
[97, 76]
[115, 55]
[114, 61]
[132, 43]
[156, 20]
[97, 65]
[115, 46]
[102, 70]
[105, 64]
[100, 76]
[131, 44]
[70, 104]
[115, 60]
[113, 47]
[151, 19]
[138, 34]
[110, 68]
[88, 87]
[67, 77]
[103, 72]
[138, 35]
[97, 74]
[131, 23]
[98, 71]
[109, 64]
[119, 47]
[125, 53]
[136, 28]
[106, 65]
[118, 45]
[109, 67]
[95, 74]
[111, 58]
[66, 83]
[124, 48]
[133, 34]
[51, 102]
[120, 59]
[127, 48]
[123, 56]
[138, 43]
[127, 45]
[135, 33]
[117, 53]
[108, 48]
[163, 16]
[89, 85]
[50, 120]
[81, 82]
[59, 115]
[55, 120]
[117, 61]
[95, 72]
[120, 37]
[99, 66]
[135, 38]
[98, 82]
[102, 84]
[135, 45]
[118, 43]
[111, 57]
[109, 68]
[105, 57]
[110, 57]
[82, 81]
[134, 42]
[119, 58]
[118, 62]
[94, 82]
[122, 48]
[102, 64]
[68, 94]
[136, 41]
[118, 56]
[109, 55]
[136, 35]
[119, 48]
[114, 65]
[108, 69]
[117, 43]
[121, 54]
[145, 40]
[110, 68]
[80, 94]
[116, 50]
[115, 58]
[114, 56]
[128, 35]
[124, 56]
[89, 90]
[67, 104]
[91, 83]
[65, 113]
[112, 62]
[87, 86]
[103, 73]
[116, 56]
[126, 54]
[118, 54]
[86, 94]
[104, 63]
[136, 47]
[136, 38]
[112, 64]
[97, 66]
[118, 56]
[135, 51]
[64, 96]
[106, 69]
[140, 38]
[121, 49]
[82, 101]
[124, 52]
[116, 61]
[115, 60]
[114, 63]
[123, 57]
[96, 76]
[136, 31]
[111, 51]
[86, 92]
[137, 28]
[89, 92]
[96, 64]
[103, 75]
[95, 68]
[136, 41]
[96, 82]
[105, 61]
[110, 69]
[106, 60]
[128, 46]
[80, 96]
[114, 62]
[79, 98]
[102, 72]
[112, 56]
[113, 57]
[96, 65]
[87, 89]
[143, 22]
[127, 48]
[136, 45]
[104, 67]
[152, 21]
[115, 55]
[139, 32]
[62, 108]
[111, 55]
[87, 93]
[135, 41]
[124, 49]
[80, 83]
[93, 78]
[132, 35]
[111, 71]
[102, 72]
[93, 82]
[84, 82]
[94, 78]
[130, 39]
[85, 79]
[133, 37]
[100, 71]
[56, 110]
[89, 83]
[76, 98]
[97, 75]
[107, 69]
[109, 67]
[130, 55]
[104, 80]
[90, 90]
[83, 93]
[133, 43]
[141, 31]
[70, 71]
[106, 68]
[111, 65]
[119, 47]
[76, 91]
[135, 37]
[130, 49]
[103, 73]
[102, 72]
[63, 95]
[95, 59]
[121, 55]
[132, 44]
[134, 40]
[99, 75]
[137, 38]
[116, 57]
[101, 59]
[116, 53]
[66, 100]
[130, 52]
[126, 44]
[96, 64]
[116, 63]
[133, 41]
[117, 63]
[75, 84]
[114, 54]
[82, 90]
[123, 47]
[124, 48]
[122, 53]
[137, 40]
[90, 68]
[127, 50]
[134, 44]
[130, 45]
[139, 33]
[95, 68]
[112, 70]
[83, 93]
[98, 65]
[121, 56]
[116, 62]
[94, 56]
[142, 37]
[52, 125]
[86, 90]
[135, 40]
[130, 48]
[103, 71]
[111, 56]
[89, 66]
[91, 81]
[77, 86]
[87, 86]
[143, 34]
[117, 55]
[138, 47]
[127, 42]
[107, 67]
[129, 44]
[119, 52]
[89, 94]
[112, 68]
[108, 50]
[86, 76]
[93, 86]
[123, 48]
[132, 36]
[89, 88]
[85, 91]
[108, 60]
[81, 90]
[116, 57]
[90, 76]
[129, 50]
[119, 43]
[70, 89]
[118, 59]
[100, 74]
[77, 94]
[66, 111]
[131, 38]
[72, 105]
[150, 28]
[142, 33]
[123, 54]
[106, 57]
[133, 23]
[89, 86]
[61, 101]
[136, 31]
[60, 93]
[114, 58]
[115, 64]
[143, 27]
[115, 63]
[118, 49]
[108, 60]
[137, 42]
[136, 45]
[104, 75]
[109, 67]
[96, 72]
[130, 41]
[127, 49]
[114, 61]
[108, 65]
[132, 34]
[102, 73]
[108, 66]
[96, 56]
[105, 60]
[148, 25]
[144, 29]
[137, 23]
[79, 86]
[122, 60]
[111, 66]
[104, 63]
[118, 68]
[112, 53]
[132, 46]
[102, 72]
[128, 36]
[112, 61]
[117, 55]
[71, 99]
[93, 80]
[137, 36]
[125, 52]
[112, 51]
[106, 63]
[82, 87]
[111, 60]
[122, 55]
[44, 119]
[96, 75]
[111, 61]
[125, 54]
[88, 78]
[119, 53]
[122, 60]
[72, 102]
[113, 58]
[79, 71]
[126, 21]
[133, 49]
[80, 88]
[128, 54]
[113, 52]
[130, 49]
[127, 45]
[124, 59]
[138, 36]
[91, 77]
[85, 79]
[98, 72]
[111, 62]
[93, 76]
[126, 46]
[135, 28]
[107, 70]
[114, 59]
[99, 71]
[77, 101]
[94, 74]
[94, 77]
[105, 45]
[106, 66]
[113, 58]
[83, 97]
[96, 54]
[120, 44]
[148, 29]
[105, 62]
[125, 41]
[116, 59]
[68, 83]
[137, 33]
[149, 32]
[137, 31]
[127, 50]
[96, 76]
[92, 82]
[77, 86]
[101, 63]
[82, 88]
[111, 65]
[131, 30]
[154, 9]
[126, 48]
[100, 85]
[136, 36]
[99, 77]
[82, 72]
[94, 80]
[106, 66]
[132, 38]
[133, 45]
[120, 59]
[89, 77]
[95, 80]
[124, 41]
[91, 53]
[101, 72]
[98, 54]
[100, 59]
[111, 52]
[119, 58]
[101, 53]
[106, 69]
[125, 53]
[83, 93]
[115, 57]
[131, 38]
[87, 72]
[124, 50]
[116, 54]
[100, 73]
[102, 63]
[120, 54]
[125, 42]
[130, 47]
[109, 56]
[97, 63]
[126, 50]
[104, 71]
[131, 46]
[121, 51]
[115, 56]
[113, 44]
[118, 57]
[118, 39]
[96, 84]
[106, 60]
[89, 82]
[97, 73]
[107, 63]
[120, 55]
[113, 67]
[104, 60]
[69, 98]
[110, 62]
[95, 78]
[62, 112]
[136, 40]
[111, 41]
[133, 43]
[86, 80]
[98, 82]
[132, 42]
[99, 70]
[116, 48]
[74, 95]
[108, 53]
[124, 46]
[107, 61]
[105, 44]
[139, 38]
[114, 62]
[107, 63]
[82, 79]
[134, 27]
[124, 54]
[97, 63]
[90, 77]
[97, 81]
[115, 64]
[98, 53]
[110, 62]
[119, 61]
[98, 67]
[129, 32]
[110, 52]
[99, 78]
[95, 71]
[58, 120]
[87, 85]
[77, 83]
[118, 55]
[120, 60]
[119, 65]
[131, 35]
[120, 50]
[106, 65]
[88, 73]
[95, 73]
[95, 83]
[108, 65]
[120, 43]
[127, 47]
[126, 38]
[103, 59]
[93, 75]
[96, 83]
[132, 30]
[134, 46]
[74, 88]
[113, 56]
[77, 106]
[104, 70]
[128, 33]
[123, 53]
[102, 67]
[110, 70]
[90, 81]
[83, 59]
[112, 66]
[140, 33]
[109, 51]
[103, 77]
[110, 38]
[117, 57]
[129, 51]
[127, 47]
[116, 65]
[128, 36]
[88, 73]
[104, 62]
[133, 37]
[133, 43]
[64, 99]
[142, 32]
[96, 74]
[127, 37]
[97, 45]
[118, 57]
[108, 65]
[131, 36]
[109, 60]
[107, 67]
[123, 55]
[132, 40]
[122, 50]
[142, 31]
[112, 64]
[102, 72]
[151, 20]
[50, 117]
[124, 47]
[74, 97]
[135, 30]
[135, 20]
[109, 60]
[125, 30]
[86, 74]
[139, 28]
[80, 73]
[144, 28]
[158, 17]
[113, 60]
[111, 56]
[111, 53]
