[81, 93]
[82, 95]
[83, 89]
[77, 99]
[106, 74]
[94, 79]
[75, 100]
[89, 85]
[101, 81]
[96, 77]
[105, 72]
[65, 110]
[96, 79]
[86, 90]
[118, 57]
[62, 108]
[28, 151]
[61, 111]
[64, 114]
[100, 75]
[64, 109]
[84, 96]
[91, 86]
[92, 83]
[76, 102]
[116, 62]
[97, 75]
[66, 106]
[89, 81]
[78, 94]
[97, 80]
[88, 86]
[78, 100]
[75, 97]
[84, 87]
[52, 123]
[104, 72]
[60, 112]
[96, 83]
[64, 111]
[69, 107]
[83, 93]
[87, 85]
[90, 89]
[102, 75]
[59, 116]
[113, 61]
[123, 59]
[60, 119]
[69, 105]
[83, 91]
[91, 82]
[67, 108]
[69, 101]
[108, 69]
[60, 111]
[106, 72]
[81, 98]
[84, 91]
[86, 92]
[81, 90]
[85, 94]
[85, 95]
[47, 120]
[16, 161]
[93, 87]
[64, 109]
[79, 93]
[60, 113]
[97, 80]
[84, 87]
[84, 89]
[104, 71]
[105, 70]
[90, 84]
[101, 80]
[76, 98]
[94, 82]
[68, 109]
[78, 94]
[98, 77]
[98, 75]
[109, 67]
[114, 61]
[87, 90]
[101, 73]
[76, 96]
[88, 91]
[96, 83]
[58, 114]
[90, 82]
[83, 90]
[46, 130]
[123, 52]
[83, 90]
[100, 79]
[87, 92]
[94, 81]
[69, 107]
[108, 71]
[87, 85]
