[111, 78]
[80, 110]
[98, 92]
[105, 85]
[116, 74]
[101, 89]
[78, 112]
[101, 82]
[111, 79]
[107, 80]
[124, 63]
[98, 92]
[113, 77]
[77, 106]
[52, 138]
[82, 107]
[102, 81]
[47, 143]
[61, 121]
[48, 142]
[100, 86]
[69, 118]
[69, 118]
[69, 118]
[69, 118]
[69, 118]
[69, 118]
[69, 118]
[69, 118]
[69, 118]
[69, 118]
[69, 118]
[69, 118]
[69, 118]
[69, 118]
[69, 118]
[69, 118]
[69, 118]
[69, 118]
[69, 118]
[69, 118]
[69, 118]
--------------------
[66, 120]
[66, 120]
[103, 82]
[72, 114]
[89, 97]
[61, 125]
[76, 109]
[65, 124]
[78, 108]
[67, 119]
[39, 147]
[41, 148]
[79, 107]
[84, 102]
[81, 108]
[66, 120]
[66, 120]
[72, 114]
[52, 133]
[80, 106]
[71, 115]
[66, 120]
[42, 145]
[61, 125]
[50, 136]
[43, 146]
