[124, 48]
[130, 17]
[136, 18]
[129, 37]
[147, 21]
[143, 21]
[123, 17]
[147, 20]
[166, 12]
[99, 45]
[133, 28]
[145, 22]
[161, 17]
[137, 21]
[162, 11]
[151, 18]
[152, 17]
[143, 27]
[133, 20]
[123, 52]
[107, 51]
[128, 16]
[87, 33]
[142, 20]
[150, 25]
[128, 28]
[152, 20]
[160, 12]
[152, 20]
[130, 38]
[128, 35]
[146, 19]
[140, 16]
[166, 11]
[122, 23]
[121, 37]
[132, 29]
[105, 48]
[146, 18]
[146, 17]
[136, 30]
[130, 26]
[159, 16]
[110, 34]
[156, 21]
[127, 25]
[116, 47]
[137, 38]
[91, 43]
[151, 22]
[108, 30]
[124, 28]
[138, 18]
[134, 22]
[154, 17]
[118, 45]
[124, 37]
[138, 21]
[93, 37]
[150, 14]
[148, 19]
[139, 21]
[155, 15]
[145, 28]
[118, 42]
[146, 22]
[146, 24]
[124, 38]
[128, 31]
[154, 15]
[115, 26]
[134, 22]
[122, 30]
[154, 21]
[116, 24]
[147, 22]
[134, 36]
