[112, 47]
[135, 23]
[115, 44]
[115, 43]
[135, 21]
[118, 51]
[144, 23]
[118, 43]
[119, 48]
[153, 17]
[133, 15]
[120, 42]
[123, 34]
[120, 32]
[112, 49]
[142, 24]
[152, 26]
[143, 20]
[147, 32]
[109, 72]
[127, 50]
[137, 37]
[107, 60]
[136, 33]
[126, 38]
[135, 43]
[110, 70]
[144, 22]
[108, 54]
[145, 26]
[135, 39]
[123, 64]
[98, 73]
[120, 55]
[148, 23]
[71, 113]
[124, 53]
[132, 47]
[107, 50]
[105, 70]
[91, 85]
[93, 66]
[150, 26]
[114, 61]
[113, 58]
[127, 47]
[137, 33]
[131, 39]
[99, 64]
[93, 81]
[118, 58]
[108, 60]
[91, 75]
[88, 82]
[92, 83]
[107, 62]
[87, 74]
[135, 28]
[113, 54]
[81, 80]
[87, 76]
[75, 89]
[139, 33]
[88, 79]
[131, 40]
[70, 97]
[129, 41]
[122, 48]
[75, 99]
[111, 68]
[134, 43]
[99, 72]
[119, 49]
[142, 30]
[122, 51]
[129, 44]
[116, 54]
[125, 50]
[116, 57]
[102, 62]
[120, 55]
[108, 54]
[115, 64]
[104, 53]
[120, 59]
[87, 83]
[119, 46]
[138, 24]
[82, 89]
[83, 82]
[135, 36]
[142, 40]
[134, 46]
[84, 90]
[123, 57]
[127, 36]
[131, 52]
[102, 60]
[119, 56]
[130, 36]
[127, 44]
[78, 89]
[112, 55]
[124, 52]
[126, 47]
[117, 46]
[119, 49]
[129, 45]
[133, 34]
[132, 42]
[101, 70]
[129, 44]
[141, 39]
[126, 52]
[145, 34]
[116, 59]
[111, 57]
[66, 99]
[143, 34]
[115, 50]
[130, 49]
[132, 44]
[115, 57]
[112, 64]
[98, 77]
[147, 30]
[77, 84]
[102, 70]
[100, 67]
[121, 55]
[56, 111]
[124, 57]
[87, 73]
[109, 65]
[119, 53]
[88, 88]
[110, 62]
[112, 59]
[83, 82]
[112, 59]
[111, 50]
[100, 60]
[80, 93]
[116, 50]
[93, 88]
[93, 62]
[121, 57]
[103, 60]
[113, 56]
[107, 59]
[117, 62]
[117, 49]
[61, 103]
[96, 72]
[102, 66]
[78, 85]
[115, 54]
[146, 27]
[69, 74]
[77, 92]
[99, 65]
[73, 96]
[86, 67]
[122, 50]
[133, 33]
[113, 53]
[98, 70]
[136, 40]
[103, 57]
[134, 33]
[75, 80]
[102, 65]
[131, 50]
[119, 42]
[114, 67]
[113, 67]
[116, 52]
[111, 57]
[102, 65]
[97, 65]
[76, 93]
[111, 64]
[137, 39]
[124, 50]
[135, 47]
[151, 31]
--------------
[119, 54]
[153, 24]
[148, 24]
[151, 32]
[63, 119]
[110, 67]
[125, 55]
[112, 67]
[66, 111]
[107, 62]
[121, 61]
[143, 37]
[136, 50]
[135, 51]
[77, 98]
[144, 37]
[105, 81]
[104, 69]
[161, 23]
[112, 57]
[129, 43]
[137, 47]
[157, 28]
[151, 33]
[129, 49]
[150, 32]
[117, 63]
[137, 36]
[128, 51]
