[148, 26]
[111, 52]
[115, 43]
[137, 37]
[150, 19]
[110, 59]
[120, 46]
[154, 15]
[117, 38]
[148, 25]
[118, 34]
[130, 41]
[109, 48]
[119, 49]
[132, 41]
[147, 24]
[99, 76]
[151, 17]
[139, 25]
[142, 36]
[69, 85]
[57, 100]
[93, 78]
[123, 50]
[129, 45]
[91, 70]
[129, 44]
[112, 66]
[105, 63]
[130, 43]
[91, 83]
[103, 69]
[108, 55]
[131, 50]
[102, 67]
[154, 23]
[112, 51]
[127, 51]
[137, 37]
[90, 73]
[116, 54]
[151, 27]
[100, 43]
[126, 55]
[152, 24]
[130, 49]
[138, 36]
[94, 75]
[99, 74]
[112, 32]
[133, 36]
[116, 33]
[125, 44]
[122, 49]
[103, 78]
[118, 56]
[96, 72]
[111, 62]
[103, 61]
[97, 70]
[116, 49]
[93, 61]
[68, 97]
[92, 77]
[129, 47]
[130, 39]
[98, 68]
[110, 54]
[80, 98]
[101, 64]
[103, 70]
[135, 43]
[109, 66]
[122, 53]
[136, 40]
[126, 43]
[122, 52]
[148, 33]
[120, 50]
[134, 35]
[126, 50]
[143, 33]
[125, 48]
[120, 47]
[103, 71]
[110, 60]
[128, 45]
[102, 57]
[83, 92]
[89, 70]
[111, 58]
[101, 67]
[123, 43]
[107, 57]
[56, 109]
[104, 75]
[85, 84]
[153, 24]
[107, 56]
[96, 72]
[106, 68]
[48, 111]
[102, 64]
[107, 66]
[130, 48]
[112, 56]
[111, 54]
[145, 34]
[116, 48]
[115, 49]
[103, 57]
[103, 73]
[126, 51]
[127, 40]
[112, 63]
[96, 58]
[100, 72]
[110, 58]
[95, 72]
[71, 98]
[103, 65]
[43, 129]
[147, 28]
[113, 54]
[124, 49]
[70, 96]
[87, 58]
[129, 51]
[139, 41]
[124, 61]
[105, 67]
[110, 62]
[60, 110]
[78, 92]
[95, 87]
[105, 66]
[89, 87]
[106, 64]
[69, 85]
[113, 58]
[101, 67]
[128, 45]
[131, 30]
[113, 45]
[127, 47]
[98, 60]
[100, 61]
[96, 78]
[148, 31]
[122, 46]
[152, 25]
[104, 63]
[116, 58]
[109, 60]
[133, 43]
[116, 59]
[92, 80]
[102, 71]
[140, 34]
[65, 102]
[132, 48]
[79, 89]
[131, 42]
[132, 44]
[119, 58]
[115, 58]
[110, 47]
[127, 46]
[114, 63]
[85, 86]
[107, 68]
[99, 79]
[128, 43]
[114, 71]
[89, 95]
[99, 80]
[81, 98]
[126, 48]
[107, 60]
[99, 74]
[119, 57]
[133, 50]
[87, 87]
[126, 44]
[100, 69]
[101, 64]
[95, 76]
[109, 65]
[75, 94]
[102, 68]
[102, 74]
[78, 89]
[102, 66]
[88, 88]
[139, 36]
[136, 37]
[94, 75]
[91, 74]
[113, 56]
[157, 18]
[78, 86]
[87, 82]
[109, 62]
[136, 38]
[125, 45]
[106, 61]
[91, 85]
[76, 98]
[153, 27]
[127, 41]
[87, 86]
[128, 49]
[139, 24]
[116, 54]
[102, 78]
[107, 68]
[81, 83]
[118, 43]
[108, 70]
[121, 56]
[73, 92]
[127, 47]
[100, 73]
[138, 40]
[117, 61]
[121, 46]
[127, 47]
[107, 64]
[132, 48]
[123, 51]
[137, 41]
[106, 71]
[108, 62]
[80, 80]
[149, 20]
[125, 55]
[134, 34]
[98, 76]
[120, 51]
[127, 51]
[144, 36]
[94, 79]
[120, 50]
[149, 20]
[96, 71]
[129, 43]
[148, 28]
[120, 56]
[90, 82]
[107, 71]
[92, 84]
[82, 72]
[112, 59]
[115, 58]
[126, 49]
[123, 46]
[105, 66]
[105, 74]
[99, 75]
[114, 40]
[118, 60]
[68, 95]
[133, 42]
[138, 31]
[136, 33]
[68, 86]
[138, 32]
[120, 51]
[129, 45]
[106, 76]
[96, 78]
[117, 56]
[119, 53]
[98, 79]
[114, 41]
[98, 82]
[103, 62]
[132, 43]
[112, 61]
[100, 71]
[121, 43]
[104, 68]
[107, 70]
[109, 52]
[100, 72]
[90, 68]
[74, 102]
[92, 78]
[103, 64]
[140, 40]
[95, 78]
[90, 72]
[132, 35]
[108, 57]
[124, 50]
[47, 114]
[112, 60]
[113, 57]
[105, 66]
[114, 62]
[129, 28]
[112, 65]
[99, 72]
[100, 69]
[65, 98]
[94, 62]
[57, 114]
[102, 67]
[128, 51]
[98, 65]
[67, 93]
[98, 73]
[102, 73]
[141, 34]
[93, 75]
[104, 63]
[98, 68]
[86, 91]
[149, 30]
[103, 63]
[119, 49]
[132, 41]
[93, 71]
[97, 72]
[113, 54]
[80, 78]
------------------
[96, 71]
[103, 69]
[118, 52]
[115, 49]
[118, 53]
[162, 16]
[144, 33]
[132, 27]
[95, 54]
[116, 52]
[122, 47]
[91, 78]
[118, 64]
[133, 33]
[90, 77]
[82, 85]
[108, 64]
[160, 4]
[123, 52]
[131, 39]
[153, 8]
[101, 61]
[106, 66]
[94, 76]
[170, 12]
[101, 66]
[132, 40]
[118, 58]
[128, 44]
[107, 52]
[109, 48]
[130, 28]
[166, 14]
[133, 26]
[81, 87]
[68, 98]
[124, 37]
[84, 81]
[161, 12]
[168, 5]
[131, 48]
[105, 49]
[133, 36]
[165, 6]
[149, 8]
[106, 70]
[150, 9]
[129, 43]
[103, 65]
[160, 14]
[152, 24]
[133, 31]
[162, 10]
[134, 39]
[134, 33]
[100, 65]
[113, 48]
[114, 56]
[123, 48]
[115, 50]
[135, 34]
[151, 16]
[72, 104]
[143, 42]
[114, 53]
[111, 48]
[128, 45]
[147, 14]
[141, 12]
[97, 68]
[129, 32]
[158, 8]
[101, 71]
[61, 96]
[167, 6]
[160, 16]
[127, 38]
[122, 23]
[97, 74]
[80, 79]
[142, 20]
[147, 29]
[92, 71]
[113, 42]
[126, 37]
[93, 77]
[113, 47]
[134, 35]
[99, 78]
[132, 41]
[119, 52]
[152, 20]
[143, 29]
[159, 17]
[128, 50]
[124, 42]
[137, 36]
[158, 13]
[100, 68]
[153, 18]
[149, 17]
[93, 73]
[98, 79]
[131, 34]
[146, 21]
[145, 26]
[121, 40]
[133, 38]
[144, 29]
[163, 14]
[102, 74]
[133, 45]
[113, 56]
[115, 44]
[114, 32]
[131, 36]
[93, 72]
[106, 65]
[147, 14]
[119, 44]
[103, 63]
[108, 63]
[134, 37]
[99, 70]
[132, 42]
[86, 84]
[106, 48]
[125, 43]
[146, 20]
[166, 12]
[127, 41]
[139, 37]
[143, 21]
[138, 37]
[135, 40]
[135, 30]
[158, 14]
[136, 41]
[138, 39]
[127, 51]
[139, 41]
[132, 32]
[130, 37]
[110, 54]
[151, 24]
[140, 41]
[74, 90]
[137, 39]
[112, 53]
[92, 74]
[135, 33]
[85, 98]
[113, 54]
[153, 21]
[135, 31]
[133, 45]
[116, 51]
[109, 64]
[103, 59]
[130, 35]
[118, 40]
[155, 11]
[114, 56]
[130, 40]
[129, 32]
[133, 42]
[144, 33]
[142, 31]
[129, 40]
[143, 15]
[161, 9]
[152, 12]
[46, 100]
[151, 9]
[151, 21]
[137, 31]
[144, 31]
[164, 3]
[168, 6]
[144, 24]
[104, 73]
[122, 46]
[163, 11]
[95, 51]
[111, 67]
[162, 11]
[127, 31]
[106, 61]
[141, 18]
[119, 46]
[115, 65]
[130, 44]
[162, 7]
[144, 32]
[165, 7]
[151, 22]
[143, 29]
[152, 23]
[133, 40]
[137, 35]
[150, 24]
[115, 44]
[115, 55]
[111, 60]
[146, 21]
[125, 48]
[140, 28]
[137, 30]
[94, 73]
[118, 58]
[88, 82]
[121, 49]
[146, 29]
[160, 10]
[123, 57]
[129, 39]
[156, 13]
[155, 15]
[112, 58]
[152, 19]
[137, 35]
[166, 9]
[141, 33]
[119, 20]
[126, 45]
[146, 21]
[146, 28]
[123, 61]
[152, 24]
[135, 36]
[137, 47]
[110, 31]
[113, 48]
[99, 72]
[170, 9]
[138, 33]
[123, 50]
[128, 45]
[110, 53]
[108, 55]
[110, 47]
[103, 57]
[127, 43]
[110, 51]
[93, 88]
[117, 63]
[169, 12]
[126, 44]
[139, 31]
[116, 60]
[127, 45]
[116, 46]
[119, 56]
[161, 17]
[89, 73]
[133, 41]
[116, 56]
[110, 63]
[79, 82]
[127, 32]
[118, 62]
[70, 85]
[129, 38]
[157, 16]
[139, 38]
[66, 81]
[88, 86]
[163, 9]
[150, 23]
[126, 45]
[102, 70]
[82, 82]
[141, 33]
[140, 34]
[113, 40]
[161, 21]
[120, 52]
[149, 18]
[166, 16]
[138, 40]
[106, 73]
[110, 70]
[158, 16]
[145, 23]
[123, 45]
[157, 23]
[149, 20]
[105, 61]
[104, 59]
[84, 90]
[140, 25]
[68, 106]
[157, 15]
[159, 21]
[94, 72]
[130, 39]
[150, 17]
[132, 46]
[130, 47]
[142, 32]
[145, 12]
